5 0.31326 0.56927 0.03837 0.05730
1 0.39869 0.21324 0.04248 0.01961
1 0.52614 0.21936 0.04902 0.02206
1 0.59886 0.25858 0.04412 0.02696
1 0.17729 0.25368 0.04085 0.02206
1 0.28350 0.27941 0.04739 0.02451
6 0.17892 0.28309 0.03105 0.03676
6 0.27859 0.30515 0.02124 0.02696
6 0.39706 0.24265 0.02288 0.02941
6 0.52696 0.25000 0.02778 0.02941
6 0.59804 0.29167 0.02288 0.02941
5 0.22876 0.56495 0.02614 0.05637
5 0.15278 0.50490 0.04085 0.04902
5 0.46732 0.53676 0.03268 0.06373
5 0.37582 0.47059 0.02941 0.06373
