1 0.78821 0.15631 0.07821 0.09188
1 0.49214 0.12979 0.07500 0.08385
1 0.63518 0.81905 0.08536 0.11867
5 0.48009 0.38106 0.04232 0.07313
5 0.57393 0.37369 0.03214 0.07286
5 0.38000 0.33271 0.04429 0.09697
5 0.27518 0.27337 0.04821 0.08117
5 0.27839 0.55358 0.04357 0.06724
5 0.48634 0.65885 0.05982 0.06510
5 0.48402 0.65832 0.06625 0.05867
5 0.42562 0.82039 0.04196 0.06242
5 0.40500 0.78623 0.04714 0.02250
1 0.40723 0.81864 0.02804 0.06536
5 0.81491 0.29561 0.07268 0.05974
5 0.75902 0.31409 0.07089 0.04956
