2 0.11644 0.51543 0.04340 0.06437
2 0.19742 0.54255 0.03720 0.05600
2 0.23574 0.68739 0.01959 0.07319
2 0.33023 0.52822 0.01959 0.06790
2 0.38777 0.50132 0.01910 0.07055
2 0.43254 0.63602 0.02480 0.05511
2 0.47210 0.49912 0.01959 0.06437
2 0.54340 0.65895 0.01587 0.05952
2 0.55444 0.53020 0.01860 0.06217
2 0.62550 0.70348 0.01885 0.05600
2 0.70871 0.53351 0.02356 0.05379
2 0.75285 0.53219 0.04291 0.05203
2 0.78708 0.65454 0.01811 0.04806
2 0.85665 0.56878 0.03522 0.04497
3 0.13690 0.41777 0.02778 0.04718
3 0.21019 0.44643 0.02158 0.03042
3 0.28051 0.46429 0.02480 0.03351
3 0.35441 0.49735 0.02083 0.03616
3 0.42200 0.47795 0.02703 0.03351
3 0.50620 0.41490 0.02431 0.04145
3 0.58656 0.49361 0.02480 0.03660
3 0.64807 0.48435 0.03175 0.04101
3 0.73822 0.43452 0.02902 0.04365
3 0.82850 0.38426 0.02753 0.04541
1 0.27989 0.44422 0.03051 0.02866
1 0.35627 0.47531 0.03348 0.03616
1 0.42324 0.45944 0.02703 0.02293
1 0.64521 0.46230 0.03199 0.02866
1 0.13678 0.39550 0.02951 0.02028
