3 0.53050 0.19793 0.02311 0.02527
3 0.60513 0.21605 0.02573 0.03059
3 0.44428 0.24017 0.01798 0.02222
3 0.40413 0.27471 0.00899 0.01383
3 0.48476 0.27268 0.01068 0.02380
3 0.51726 0.29001 0.02430 0.02725
3 0.59980 0.30377 0.02480 0.02691
3 0.44236 0.34193 0.02754 0.02926
3 0.65821 0.42909 0.02150 0.02907
3 0.46209 0.53557 0.03049 0.03710
3 0.54464 0.54021 0.01799 0.02412
3 0.39725 0.69642 0.03388 0.03319
3 0.60419 0.79381 0.02902 0.03715
3 0.64162 0.80063 0.03246 0.03345
3 0.52203 0.92460 0.03946 0.03359
