5 0.42383 0.52853 0.04807 0.11378
5 0.30681 0.60654 0.04977 0.04850
5 0.63228 0.74854 0.09422 0.11943
5 0.65472 0.84954 0.07628 0.13228
6 0.58333 0.25858 0.03268 0.05147
6 0.82925 0.09926 0.04739 0.06127
6 0.48529 0.34314 0.02941 0.03431
6 0.40605 0.29412 0.03105 0.03431
6 0.27288 0.10662 0.05556 0.06618
1 0.41340 0.25735 0.05229 0.02451
1 0.59967 0.20588 0.08170 0.03922
4 0.47631 0.29902 0.04739 0.03431
4 0.84232 0.02083 0.06699 0.04167
4 0.02369 0.03922 0.03758 0.05882
4 0.28186 0.02206 0.04085 0.03431
