5 0.98078 0.52330 0.01365 0.02829
5 0.95268 0.55711 0.01347 0.02425
5 0.84626 0.55132 0.01688 0.03314
5 0.83531 0.56237 0.02083 0.03206
5 0.68543 0.57610 0.02209 0.02883
5 0.67529 0.58338 0.01185 0.02236
5 0.60066 0.46969 0.01131 0.02775
5 0.56286 0.48599 0.01940 0.03610
5 0.43256 0.54970 0.01383 0.03152
5 0.42753 0.50525 0.01311 0.03745
5 0.31151 0.61638 0.01024 0.01724
5 0.25090 0.66689 0.01078 0.01428
5 0.16478 0.56452 0.01060 0.01320
5 0.11961 0.52034 0.01329 0.03314
5 0.11342 0.51765 0.01958 0.02936
5 0.01976 0.52707 0.01365 0.01913
5 0.01437 0.54553 0.01940 0.01724
5 0.39422 0.55846 0.01042 0.02748
