5 0.18124 0.33832 0.01087 0.02720
5 0.27900 0.46090 0.01654 0.02142
5 0.28727 0.44968 0.01269 0.02074
5 0.29712 0.44050 0.01246 0.01530
5 0.33258 0.41346 0.01223 0.01632
5 0.34968 0.39306 0.01201 0.02516
5 0.24150 0.27117 0.01133 0.01530
5 0.22938 0.27015 0.00702 0.01666
5 0.17796 0.28460 0.00929 0.01224
5 0.24841 0.26182 0.00884 0.01768
5 0.25918 0.26233 0.01042 0.01802
5 0.34334 0.29837 0.01337 0.02278
5 0.36962 0.38626 0.01291 0.01768
5 0.38163 0.37419 0.01155 0.02006
5 0.39035 0.37181 0.01178 0.02482
5 0.48459 0.30568 0.01223 0.01972
5 0.47417 0.30262 0.00725 0.01292
5 0.40983 0.19007 0.00952 0.01700
5 0.41164 0.18055 0.00861 0.01360
5 0.37766 0.27967 0.00997 0.01802
5 0.35897 0.20469 0.00657 0.01768
5 0.36214 0.20639 0.00748 0.01972
5 0.31140 0.22305 0.00657 0.01428
5 0.53251 0.25077 0.01110 0.02074
5 0.56162 0.24175 0.00952 0.01836
5 0.52175 0.23665 0.01042 0.01224
5 0.43305 0.13159 0.01155 0.01088
5 0.44189 0.15267 0.00657 0.01632
5 0.15836 0.37130 0.00680 0.01360
