2 0.68797 0.48846 0.04434 0.04153
2 0.67724 0.55474 0.03703 0.01552
2 0.59670 0.44169 0.04057 0.03104
2 0.62653 0.40604 0.02524 0.02181
2 0.57748 0.36766 0.01769 0.03565
2 0.60094 0.37206 0.02217 0.04111
2 0.56321 0.33033 0.02311 0.02643
2 0.53868 0.32865 0.01981 0.02894
2 0.37182 0.31963 0.01958 0.03104
2 0.38455 0.29195 0.01910 0.02517
2 0.28231 0.46749 0.04198 0.04656
2 0.27158 0.42156 0.03090 0.05117
2 0.40236 0.25545 0.01840 0.02097
2 0.38892 0.27118 0.01934 0.01888
3 0.66226 0.33746 0.03019 0.04069
3 0.62465 0.25965 0.02618 0.02936
3 0.57524 0.24643 0.01792 0.02727
3 0.54564 0.20575 0.01061 0.01720
3 0.32594 0.25210 0.01698 0.03104
3 0.23325 0.33599 0.03915 0.07047
3 0.35354 0.22651 0.01321 0.02685
3 0.38184 0.19169 0.00755 0.01930
1 0.23974 0.31753 0.01958 0.02936
1 0.61568 0.24245 0.01203 0.01930
1 0.57300 0.22672 0.01203 0.01552
