1 0.15781 0.15312 0.05313 0.02813
1 0.26016 0.22266 0.03906 0.02344
1 0.39766 0.19063 0.03906 0.01875
1 0.91719 0.12812 0.06563 0.02500
1 0.87031 0.22656 0.03438 0.02187
1 0.66484 0.15391 0.04219 0.01719
2 0.88594 0.47344 0.03438 0.05000
2 0.70938 0.42656 0.02812 0.05312
2 0.61250 0.39766 0.02188 0.05156
2 0.52578 0.41953 0.02344 0.03594
2 0.41641 0.41016 0.02344 0.04531
2 0.35625 0.42188 0.02187 0.04688
2 0.30234 0.45703 0.02344 0.03906
2 0.24062 0.48047 0.03125 0.04219
2 0.06016 0.48672 0.02969 0.05469
