1 0.49788 0.41024 0.06973 0.03576
1 0.67224 0.47643 0.06427 0.02810
1 0.12598 0.50374 0.07368 0.02994
1 0.87257 0.58488 0.06537 0.02707
6 0.13317 0.55882 0.04739 0.05392
6 0.30637 0.47304 0.03105 0.06373
6 0.49592 0.47794 0.04085 0.05392
6 0.66993 0.53064 0.02941 0.05147
6 0.86846 0.64461 0.03758 0.05882
1 0.30229 0.40686 0.06863 0.02941
5 0.59150 0.91789 0.04575 0.11029
5 0.71078 0.91176 0.05556 0.08333
5 0.25082 0.92157 0.05719 0.09804
5 0.43627 0.92279 0.05882 0.10539
5 0.01797 0.96691 0.03595 0.05637
5 0.74183 0.58333 0.04575 0.06373
5 0.43627 0.45588 0.04902 0.05392
