5 0.29167 0.95829 0.07433 0.07542
5 0.30375 0.92283 0.07383 0.06494
5 0.31817 0.95492 0.05100 0.07168
5 0.68192 0.97090 0.02050 0.05769
5 0.86742 0.74700 0.04917 0.10839
5 0.86225 0.77148 0.03050 0.08841
5 0.01700 0.40235 0.03400 0.06194
5 0.05650 0.40709 0.05133 0.08891
5 0.06042 0.39323 0.03217 0.09166
5 0.29800 0.24975 0.06833 0.11988
5 0.52875 0.15509 0.06150 0.08991
5 0.54517 0.14473 0.04700 0.07018
5 0.70550 0.24138 0.05933 0.05819
1 0.17200 0.96691 0.01033 0.06568
1 0.46475 0.02872 0.09083 0.04645
1 0.68992 0.06056 0.02750 0.04770
