2 0.57000 0.72067 0.24800 0.10000
2 0.90500 0.59667 0.16200 0.12400
2 0.81700 0.70800 0.17400 0.09067
2 0.65500 0.81533 0.21400 0.10800
2 0.74600 0.49067 0.10800 0.08533
5 0.72700 0.66200 0.10200 0.05733
5 0.48000 0.43533 0.09600 0.04667
1 0.05600 0.26867 0.09200 0.03600
1 0.33100 0.27733 0.12600 0.08000
1 0.87400 0.22800 0.18400 0.05067
3 0.03300 0.29600 0.05400 0.04800
3 0.28900 0.31000 0.20600 0.18800
3 0.44900 0.29800 0.08200 0.04933
3 0.76300 0.28267 0.09400 0.04533
3 0.89800 0.27600 0.17200 0.10133
4 0.44900 0.26933 0.08200 0.02133
2 0.43100 0.67000 0.15000 0.08400
6 0.54200 0.62133 0.05600 0.02667
