3 0.25475 0.24906 0.05111 0.06072
4 0.88648 0.24670 0.02826 0.01461
4 0.05660 0.26007 0.04395 0.02518
3 0.31617 0.27385 0.02338 0.03002
3 0.88596 0.26993 0.03108 0.04124
3 0.05655 0.27948 0.04373 0.04527
3 0.11973 0.27745 0.02652 0.03213
3 0.20967 0.28851 0.03017 0.02907
3 0.39438 0.27780 0.03263 0.04426
3 0.49369 0.29127 0.01168 0.02115
3 0.62895 0.28551 0.02161 0.02166
3 0.66433 0.29303 0.02703 0.03738
3 0.77584 0.29269 0.02531 0.03307
3 0.80533 0.28684 0.02483 0.02958
3 0.51796 0.30544 0.01539 0.01928
5 0.05911 0.40741 0.09696 0.05361
5 0.93003 0.43885 0.05620 0.03411
4 0.25700 0.21108 0.04600 0.02695
5 0.24400 0.46108 0.04400 0.05389
