1 0.07434 0.33849 0.07911 0.02964
6 0.08010 0.37717 0.04097 0.02266
6 0.32835 0.36774 0.02805 0.01934
1 0.79932 0.35498 0.07354 0.03778
1 0.39666 0.37809 0.10396 0.06340
1 0.64328 0.37315 0.07427 0.03228
6 0.64299 0.42081 0.03866 0.02257
1 0.95603 0.41716 0.05578 0.04174
1 0.49747 0.43481 0.06538 0.02742
6 0.40469 0.46235 0.04224 0.02791
6 0.49995 0.48283 0.02791 0.01819
6 0.96021 0.46261 0.03419 0.02681
1 0.24980 0.51447 0.06869 0.02556
5 0.32104 0.71014 0.08620 0.14251
5 0.45121 0.77088 0.08697 0.15111
5 0.89824 0.84994 0.10138 0.10268
5 0.78801 0.92317 0.08004 0.11753
1 0.97467 0.32721 0.04412 0.04167
6 0.98529 0.40686 0.01961 0.04412
6 0.79902 0.41176 0.04248 0.04412
4 0.31944 0.32108 0.05392 0.04412
