1 0.45784 0.25068 0.10955 0.09166
1 0.13624 0.27802 0.08350 0.06976
1 0.65216 0.29663 0.07516 0.06633
2 0.71485 0.31720 0.09218 0.22265
1 0.86543 0.28690 0.08661 0.08090
1 0.30107 0.29541 0.08963 0.07411
2 0.79491 0.30520 0.08819 0.20151
3 0.13589 0.34447 0.06569 0.13023
3 0.45757 0.34623 0.10377 0.22730
3 0.64901 0.35738 0.07241 0.13536
3 0.86461 0.35367 0.06676 0.12683
3 0.30196 0.37285 0.07013 0.14306
2 0.54478 0.45891 0.09569 0.43251
2 0.12849 0.50075 0.05264 0.21147
2 0.64020 0.52407 0.06001 0.21130
2 0.85911 0.46098 0.06997 0.23140
2 0.28670 0.52883 0.11108 0.22114
1 0.46986 0.67044 0.13326 0.45556
2 0.27185 0.70509 0.08078 0.18628
2 0.50916 0.78256 0.08841 0.27114
