1 0.43598 0.33599 0.06327 0.05039
1 0.54832 0.35026 0.05234 0.02335
1 0.81944 0.33602 0.04615 0.02229
1 0.15223 0.37334 0.06383 0.02859
1 0.71854 0.40590 0.07400 0.04386
6 0.16503 0.41532 0.03268 0.04570
6 0.43056 0.38844 0.03105 0.05108
6 0.72222 0.45699 0.04248 0.04839
6 0.81373 0.38441 0.03595 0.04301
6 0.54657 0.38844 0.03431 0.03495
2 0.50490 0.70699 0.06209 0.13441
2 0.65278 0.95699 0.06046 0.07527
2 0.84395 0.96371 0.06046 0.06183
2 0.94199 0.84543 0.05719 0.11559
2 0.16503 0.71237 0.07843 0.10215
2 0.52696 0.44892 0.10948 0.10215
