5 0.48857 0.46698 0.05768 0.06517
5 0.17820 0.50214 0.03955 0.04222
5 0.80709 0.58839 0.09552 0.09463
1 0.33252 0.29412 0.05392 0.03431
1 0.59722 0.29412 0.04412 0.06863
4 0.20343 0.27696 0.04085 0.02451
4 0.49673 0.32353 0.05556 0.03431
4 0.75899 0.27083 0.03431 0.06127
6 0.20670 0.31618 0.02778 0.02941
6 0.32271 0.34191 0.02124 0.04167
6 0.50245 0.37010 0.03431 0.03431
6 0.60131 0.35417 0.02941 0.03676
6 0.75980 0.34191 0.03922 0.05637
2 0.24837 0.53309 0.04575 0.07108
2 0.40033 0.55637 0.04248 0.07843
