1 0.58428 0.34407 0.07974 0.02590
1 0.39030 0.35556 0.08351 0.02146
4 0.24600 0.30214 0.07200 0.01571
4 0.82300 0.30714 0.07400 0.02286
6 0.23700 0.32643 0.03800 0.01571
6 0.37200 0.37643 0.03600 0.01571
6 0.58100 0.36500 0.04600 0.01857
6 0.83100 0.33786 0.04600 0.02143
5 0.15100 0.44429 0.06200 0.04571
5 0.26300 0.48429 0.07000 0.05143
5 0.36700 0.63571 0.05800 0.08286
5 0.52600 0.64357 0.06000 0.05000
5 0.79700 0.48786 0.07000 0.05000
5 0.74600 0.38357 0.06800 0.06143
5 0.30900 0.36714 0.06200 0.04857
