5 0.85149 0.78473 0.09120 0.09777
6 0.48693 0.48407 0.04575 0.04657
6 0.63725 0.56005 0.04575 0.04167
6 0.76797 0.38603 0.04248 0.04167
6 0.34886 0.46814 0.04739 0.04412
6 0.16912 0.41422 0.04739 0.04902
1 0.16095 0.36029 0.07680 0.03431
1 0.35212 0.41789 0.07680 0.04167
1 0.49183 0.43137 0.07516 0.03431
1 0.64297 0.51225 0.07680 0.03431
1 0.77941 0.33211 0.08497 0.04167
5 0.54330 0.65686 0.05065 0.04902
5 0.70180 0.93873 0.07026 0.06863
5 0.32271 0.93260 0.07026 0.09559
5 0.14461 0.88113 0.05719 0.11029
