5 0.93104 0.82083 0.08300 0.10426
5 0.11987 0.91907 0.07192 0.10552
5 0.30147 0.70221 0.08660 0.09559
5 0.24592 0.94240 0.05065 0.09559
5 0.75408 0.96569 0.08007 0.06373
6 0.13807 0.40074 0.05065 0.05147
6 0.36438 0.46814 0.04248 0.04412
6 0.50000 0.46324 0.04248 0.04412
6 0.66912 0.56863 0.04412 0.05392
6 0.84314 0.34926 0.03922 0.04657
1 0.13235 0.34069 0.08170 0.03922
1 0.36520 0.41667 0.08660 0.03922
1 0.49755 0.41054 0.08333 0.03186
1 0.67320 0.51593 0.08824 0.03676
1 0.85049 0.29289 0.09967 0.04657
5 0.56536 0.65809 0.05556 0.05147
