1 0.18741 0.28777 0.09282 0.09777
1 0.78716 0.30320 0.07446 0.03548
1 0.18984 0.34213 0.07275 0.02769
1 0.37243 0.39775 0.07297 0.03190
1 0.49782 0.41336 0.07064 0.02839
1 0.65043 0.48592 0.07291 0.02985
5 0.86911 0.73873 0.08796 0.09805
5 0.34875 0.89891 0.06428 0.10671
5 0.71491 0.89658 0.06642 0.07087
6 0.50000 0.46078 0.03922 0.03431
6 0.36601 0.44240 0.03595 0.04657
6 0.19444 0.39706 0.04248 0.06373
6 0.64788 0.52941 0.03758 0.04412
6 0.78268 0.35662 0.03922 0.05147
5 0.16258 0.84926 0.05719 0.11520
5 0.55964 0.61520 0.05065 0.04902
