3 0.83062 0.38993 0.03105 0.03962
3 0.13758 0.42042 0.02966 0.04167
3 0.50726 0.41600 0.02666 0.03589
3 0.73906 0.43588 0.03290 0.04000
3 0.21050 0.45188 0.02853 0.03262
3 0.28400 0.47130 0.03002 0.03945
3 0.42138 0.48213 0.02524 0.03276
3 0.58684 0.49569 0.02676 0.03283
3 0.64972 0.48841 0.02866 0.03626
2 0.11254 0.52128 0.03506 0.05820
3 0.35384 0.49884 0.02580 0.03788
2 0.38817 0.50099 0.01847 0.06562
2 0.47247 0.49743 0.01845 0.06035
2 0.19609 0.54430 0.03169 0.05226
2 0.32999 0.52783 0.01850 0.06343
2 0.55577 0.54862 0.01522 0.03374
2 0.70256 0.53181 0.02373 0.05414
2 0.75716 0.53952 0.03375 0.04878
2 0.85868 0.56813 0.03448 0.04140
2 0.43128 0.63435 0.02026 0.05073
2 0.54460 0.65830 0.01320 0.05786
2 0.62855 0.66139 0.01305 0.04405
2 0.78861 0.65312 0.01480 0.05265
2 0.23795 0.68555 0.02054 0.06617
2 0.62595 0.70269 0.01485 0.05301
