3 0.40124 0.06865 0.01617 0.02208
3 0.66223 0.08638 0.01245 0.01734
3 0.42236 0.11719 0.02644 0.03932
3 0.45385 0.10466 0.01890 0.02401
3 0.57187 0.10114 0.01893 0.01785
3 0.95937 0.10486 0.01268 0.01932
3 0.92296 0.16064 0.01461 0.01886
3 0.06607 0.17486 0.03212 0.04222
3 0.61055 0.18717 0.02081 0.02795
3 0.98852 0.18958 0.01707 0.02764
5 0.13287 0.19806 0.01892 0.03888
3 0.87369 0.20085 0.02560 0.02908
2 0.54004 0.30727 0.10529 0.22268
3 0.31122 0.58650 0.10593 0.12377
1 0.31700 0.51502 0.13800 0.11111
