5 0.79978 0.84452 0.02306 0.04376
5 0.87875 0.92218 0.01775 0.04771
5 0.15556 0.33712 0.00878 0.02336
2 0.64367 0.56186 0.01391 0.05035
2 0.62143 0.51481 0.02324 0.02073
2 0.59050 0.49375 0.01080 0.01810
2 0.56488 0.51431 0.01373 0.02238
2 0.51226 0.42530 0.01940 0.02468
2 0.44345 0.43139 0.01391 0.04607
2 0.75156 0.75584 0.02617 0.02567
2 0.65694 0.70648 0.02214 0.03225
2 0.37720 0.31260 0.01208 0.04146
2 0.44308 0.32412 0.00988 0.03159
2 0.45772 0.20303 0.01428 0.03093
2 0.51180 0.21899 0.01153 0.02205
