5 0.09602 0.56924 0.02649 0.02901
5 0.09848 0.58155 0.01791 0.02025
5 0.09931 0.65572 0.01882 0.02518
5 0.12635 0.66407 0.02320 0.02709
5 0.30724 0.57458 0.01553 0.01669
5 0.37502 0.45854 0.01772 0.02107
5 0.39183 0.45635 0.01261 0.01888
5 0.23945 0.43747 0.02138 0.02381
5 0.24712 0.51478 0.01480 0.00930
5 0.26064 0.52354 0.01078 0.01587
5 0.34067 0.45868 0.01188 0.01368
5 0.66143 0.68199 0.03033 0.02901
5 0.66280 0.68897 0.03234 0.02709
5 0.72556 0.57458 0.01827 0.02107
5 0.54184 0.57471 0.01517 0.00876
5 0.66618 0.49576 0.01133 0.02983
5 0.79043 0.52490 0.01352 0.01423
5 0.79216 0.53462 0.00895 0.01177
5 0.97003 0.63123 0.02704 0.03202
5 0.94509 0.62603 0.02138 0.02983
3 0.10579 0.46483 0.02777 0.03476
3 0.14115 0.52614 0.03380 0.03695
3 0.25078 0.40504 0.01882 0.01806
3 0.27088 0.42570 0.02467 0.02819
3 0.31034 0.46004 0.02869 0.03558
3 0.34844 0.38191 0.01681 0.01998
3 0.38827 0.40148 0.01900 0.02135
3 0.54129 0.40025 0.01553 0.01834
3 0.55463 0.46470 0.02540 0.02901
3 0.62141 0.44294 0.02229 0.02381
3 0.61246 0.39751 0.01718 0.01779
3 0.66636 0.39792 0.02083 0.02299
3 0.64444 0.52230 0.03143 0.03530
3 0.73406 0.46839 0.02686 0.03257
3 0.79271 0.43870 0.02065 0.02956
3 0.93093 0.52997 0.03252 0.04899
1 0.24913 0.39491 0.01736 0.01149
