3 0.47309 0.19402 0.04597 0.06022
3 0.71877 0.22580 0.05182 0.06382
3 0.41120 0.32098 0.04872 0.05231
1 0.63263 0.31863 0.05472 0.02714
3 0.26956 0.32896 0.04982 0.05604
3 0.51223 0.33543 0.04943 0.05523
3 0.63225 0.35879 0.05595 0.06150
3 0.42491 0.42406 0.05126 0.05118
5 0.21400 0.65465 0.04000 0.06607
5 0.33000 0.65015 0.03600 0.05706
5 0.38200 0.62162 0.04000 0.06607
5 0.57400 0.68468 0.04000 0.07207
5 0.68100 0.69369 0.03800 0.06607
5 0.77100 0.60811 0.04600 0.08709
4 0.27000 0.28529 0.05200 0.03003
4 0.40600 0.28228 0.04000 0.02402
4 0.51400 0.29730 0.05600 0.02402
4 0.42200 0.38739 0.05600 0.02402
4 0.71700 0.17868 0.05400 0.02102
4 0.47100 0.15465 0.05400 0.02703
