5 0.51480 0.82069 0.01701 0.02586
5 0.54100 0.76438 0.01905 0.02552
5 0.82358 0.50425 0.01667 0.00885
5 0.82256 0.51055 0.01123 0.00851
5 0.67931 0.47533 0.01191 0.01429
5 0.66723 0.45747 0.00885 0.01599
5 0.54372 0.41375 0.00749 0.01157
5 0.53351 0.43280 0.00749 0.00817
5 0.31439 0.53726 0.01157 0.01769
5 0.29755 0.51990 0.01123 0.01429
2 0.34689 0.39929 0.00646 0.01055
2 0.35369 0.38857 0.00715 0.01157
2 0.26199 0.45645 0.00885 0.01259
2 0.28666 0.43093 0.00987 0.01327
5 0.37360 0.71606 0.01089 0.01735
5 0.35199 0.74651 0.01055 0.01157
