5 0.09894 0.74986 0.05207 0.03448
5 0.56002 0.59688 0.03581 0.03777
5 0.52129 0.53120 0.03325 0.03831
5 0.82094 0.84414 0.13009 0.10701
5 0.74347 0.58949 0.08332 0.11823
5 0.77672 0.49836 0.01681 0.03284
3 0.86059 0.46483 0.11730 0.11905
3 0.74210 0.30172 0.03782 0.05008
3 0.69998 0.33155 0.03033 0.02381
3 0.63028 0.36481 0.05646 0.07553
3 0.55034 0.32663 0.05153 0.05172
3 0.51498 0.29557 0.02832 0.03667
3 0.28960 0.34510 0.05445 0.06021
3 0.15439 0.39956 0.07528 0.08101
3 0.12151 0.27655 0.02521 0.03695
3 0.05025 0.29461 0.03800 0.04953
